1 0.819039 -0.408442 0.120827
2 -0.063763 0.060122 0.250393
3 -0.304877 0.379067 0.092391
4 -0.168923 0.044400 0.074417
5 0.053700 -0.088746 0.228501
6 0.196758 0.035607 0.008134
7 0.006971 -0.096478 0.123718
8 0.084281 0.278343 -0.350414
9 0.369758 -0.088872 0.219341
10 -0.054562 -0.044480 0.207764
11 0.383685 -0.265251 0.193408
12 -0.198281 -0.079444 -0.015460
13 0.023206 -0.301350 -0.054618
14 0.653014 0.222893 -0.099965
15 0.135209 0.004695 0.260573
16 0.023837 -0.050856 0.101288
17 0.168438 -0.229629 -0.016593
18 -0.061765 0.030934 0.010621
19 -0.022786 -0.017908 -0.234503
20 0.173540 -0.107066 0.333257
21 -0.173176 -0.376225 0.118271
22 -0.030128 0.079909 -0.421772
23 0.091430 -0.021926 0.061476
24 0.204503 -0.198816 0.284369
25 -0.131734 -0.160445 0.173846
26 0.197682 0.145036 -0.332878
27 0.011912 -0.087006 0.009873
28 -0.037580 -0.135389 -0.005258
29 -0.010103 0.074429 0.075669
30 -0.051448 0.056567 0.156646
31 0.217706 -0.028530 -0.129863
32 0.831485 -0.193659 0.394008
33 0.247374 -0.225356 0.317060
34 0.644832 -0.433233 -0.012059
35 -0.241066 0.099417 0.120981
36 -0.125520 -0.104983 0.110282
37 -0.311924 0.081111 0.231058
38 0.291904 -0.064815 0.330123
39 0.033991 0.313883 0.438664
40 0.262681 -0.088672 -0.110356
41 -0.042750 0.023275 0.140042
42 0.500099 -0.180074 0.388940
43 0.291377 0.061039 0.176047
44 0.039500 -0.115447 -0.003002
45 -0.397442 -0.080605 0.334773
46 0.191183 -0.020238 0.509670
47 0.456431 0.240471 0.000133
48 -0.031864 -0.085406 -0.124173
49 0.090449 0.000980 0.024809
50 0.151163 -0.083763 -0.055263
51 0.449438 0.234012 -0.009298
52 0.031529 -0.044371 0.243538
53 0.258870 0.089263 0.007051
54 -0.007085 0.098837 0.054069
55 -0.033039 -0.218778 -0.029656
56 0.154416 0.153105 0.182552
57 -0.129545 0.093844 -0.029705
58 -0.279489 -0.177402 0.012075
59 0.065103 0.074882 0.021605
60 0.282232 0.209218 -0.174490
61 -0.075208 -0.075269 -0.086249
62 0.071480 -0.111648 0.161786
63 0.079690 0.079491 0.726461
64 0.563667 -0.126575 0.273247
65 -0.067180 0.003138 0.274543
66 -0.036580 0.026106 0.279537
67 -0.287186 -0.117992 0.350615
68 0.092971 -0.174963 0.335015
69 0.507763 0.184621 -0.017921
70 0.008848 -0.449362 0.164645
71 0.340146 -0.189423 0.101708
72 0.000000 0.000000 0.000000
73 0.254630 0.021874 0.015071
74 -0.111235 0.063915 0.101708
75 -0.193701 0.103272 0.092277
76 -0.117431 -0.043554 0.133014
77 0.040226 -0.187651 0.349233
78 0.281017 -0.078095 0.309976
79 0.560875 -0.207700 0.355716
80 0.216792 0.012797 0.354202
81 0.420103 0.355297 -0.184961
82 0.183307 -0.111287 -0.030812
83 0.344894 -0.177354 0.188013
84 0.057652 -0.084186 0.119048
85 0.036019 -0.047096 0.046281
86 0.059341 -0.071829 0.144870
87 0.067692 -0.044733 0.172321
88 -0.336244 -0.161988 0.075254
89 0.287965 0.011470 0.193851
90 -0.136119 -0.092160 0.019028
91 0.039245 -0.013674 0.157145
92 -0.156113 -0.066378 -0.171839
93 0.249772 -0.230058 -0.427873
94 0.126421 0.000229 -0.022353
95 0.218786 0.005104 0.183670
96 0.227213 -0.143200 0.278042
97 0.058946 -0.264354 0.790189
98 0.090560 -0.269981 0.175282
99 -0.027054 -0.094817 0.147101
100 0.279257 0.000457 0.166319
