0.819039 -0.408442
-0.063763 0.060122
-0.304877 0.379067
-0.168923 0.044400
0.053700 -0.088746
0.196758 0.035607
0.006971 -0.096478
0.084281 0.278343
0.369758 -0.088872
-0.054562 -0.044480
0.383685 -0.265251
-0.198281 -0.079444
0.023206 -0.301350
0.653014 0.222893
0.135209 0.004695
0.023837 -0.050856
0.168438 -0.229629
-0.061765 0.030934
-0.022786 -0.017908
0.173540 -0.107066
-0.173176 -0.376225
-0.030128 0.079909
0.091430 -0.021926
0.204503 -0.198816
-0.131734 -0.160445
0.197682 0.145036
0.011912 -0.087006
-0.037580 -0.135389
-0.010103 0.074429
-0.051448 0.056567
0.217706 -0.028530
0.831485 -0.193659
0.247374 -0.225356
0.644832 -0.433233
-0.241066 0.099417
-0.125520 -0.104983
-0.311924 0.081111
0.291904 -0.064815
0.033991 0.313883
0.262681 -0.088672
-0.042750 0.023275
0.500099 -0.180074
0.291377 0.061039
0.039500 -0.115447
-0.397442 -0.080605
0.191183 -0.020238
0.456431 0.240471
-0.031864 -0.085406
0.090449 0.000980
0.151163 -0.083763
0.449438 0.234012
0.031529 -0.044371
0.258870 0.089263
-0.007085 0.098837
-0.033039 -0.218778
0.154416 0.153105
-0.129545 0.093844
-0.279489 -0.177402
0.065103 0.074882
0.282232 0.209218
-0.075208 -0.075269
0.071480 -0.111648
0.079690 0.079491
0.563667 -0.126575
-0.067180 0.003138
-0.036580 0.026106
-0.287186 -0.117992
0.092971 -0.174963
0.507763 0.184621
0.008848 -0.449362
0.340146 -0.189423
0.000000 0.000000
0.254630 0.021874
-0.111235 0.063915
-0.193701 0.103272
-0.117431 -0.043554
0.040226 -0.187651
0.281017 -0.078095
0.560875 -0.207700
0.216792 0.012797
0.420103 0.355297
0.183307 -0.111287
0.344894 -0.177354
0.057652 -0.084186
0.036019 -0.047096
0.059341 -0.071829
0.067692 -0.044733
-0.336244 -0.161988
0.287965 0.011470
-0.136119 -0.092160
0.039245 -0.013674
-0.156113 -0.066378
0.249772 -0.230058
0.126421 0.000229
0.218786 0.005104
0.227213 -0.143200
0.058946 -0.264354
0.090560 -0.269981
-0.027054 -0.094817
0.279257 0.000457
