2 0.819039 -0.408442 0.120827
3 -0.063763 0.060122 0.250393
4 -0.304877 0.379067 0.092391
5 -0.168923 0.044400 0.074417
1 0.053700 -0.088746 0.228501
2 0.196758 0.035607 0.008134
3 0.006971 -0.096478 0.123718
4 0.084281 0.278343 -0.350414
5 0.369758 -0.088872 0.219341
1 -0.054562 -0.044480 0.207764
2 0.383685 -0.265251 0.193408
3 -0.198281 -0.079444 -0.015460
4 0.023206 -0.301350 -0.054618
5 0.653014 0.222893 -0.099965
1 0.135209 0.004695 0.260573
2 0.023837 -0.050856 0.101288
3 0.168438 -0.229629 -0.016593
4 -0.061765 0.030934 0.010621
5 -0.022786 -0.017908 -0.234503
1 0.173540 -0.107066 0.333257
2 -0.173176 -0.376225 0.118271
3 -0.030128 0.079909 -0.421772
4 0.091430 -0.021926 0.061476
5 0.204503 -0.198816 0.284369
1 -0.131734 -0.160445 0.173846
2 0.197682 0.145036 -0.332878
3 0.011912 -0.087006 0.009873
4 -0.037580 -0.135389 -0.005258
5 -0.010103 0.074429 0.075669
1 -0.051448 0.056567 0.156646
2 0.217706 -0.028530 -0.129863
3 0.831485 -0.193659 0.394008
4 0.247374 -0.225356 0.317060
5 0.644832 -0.433233 -0.012059
1 -0.241066 0.099417 0.120981
2 -0.125520 -0.104983 0.110282
3 -0.311924 0.081111 0.231058
4 0.291904 -0.064815 0.330123
5 0.033991 0.313883 0.438664
1 0.262681 -0.088672 -0.110356
2 -0.042750 0.023275 0.140042
3 0.500099 -0.180074 0.388940
4 0.291377 0.061039 0.176047
5 0.039500 -0.115447 -0.003002
1 -0.397442 -0.080605 0.334773
2 0.191183 -0.020238 0.509670
3 0.456431 0.240471 0.000133
4 -0.031864 -0.085406 -0.124173
5 0.090449 0.000980 0.024809
1 0.151163 -0.083763 -0.055263
